rsaAy2048 100.00 99.50 100.00 99.25 95.97 99.75 100.00 99.75 98.75 100.00 99.75 99.75
rsaAn2048 99.75 99.50 100.00 99.25 95.75 99.25 99.75 100.00 98.99 100.00 99.25 100.00
rsaBy2048 94.24 90.98 92.77 89.42 85.32 93.48 93.98 94.50 88.44 94.74 89.70 94.74
rsaBn2048 96.25 95.76 97.99 94.22 88.52 96.49 97.50 97.74 93.67 97.50 94.19 97.75
rsaSE2048 100.00 99.75 100.00 97.47 91.39 98.25 99.25 100.00 95.47 99.50 96.24 99.50
rsaAy3072 100.00 99.00 99.75 99.75 98.74 99.75 100.00 100.00 99.50 100.00 100.00 100.00
rsaAn3072 100.00 99.25 100.00 99.75 98.50 100.00 99.75 100.00 99.50 100.00 100.00 100.00
rsaBy3072 99.75 99.75 99.75 99.75 96.22 99.75 100.00 99.75 98.75 100.00 100.00 100.00
rsaBn3072 100.00 99.75 100.00 99.50 95.74 99.75 100.00 99.75 99.25 100.00 99.25 100.00
rsaSE3072 100.00 99.00 99.75 98.75 97.22 99.50 99.75 99.75 98.49 99.75 98.74 100.00
recdes_16 84.91 84.69 86.41 58.92 49.39 82.14 84.14 85.20 59.76 83.59 59.52 84.10
recaes128_16 85.09 85.13 86.19 58.82 48.54 83.68 84.79 85.86 58.47 84.32 59.47 84.50
recaes256_16 83.93 85.13 85.75 57.61 49.64 82.78 84.97 85.38 58.31 84.06 59.57 83.67
recaesgcm128_16 72.87 72.99 74.74 40.86 35.92 70.76 72.58 73.32 43.03 71.06 43.17 71.69
recaesgcm256_16 72.80 72.61 73.83 41.49 35.28 70.10 72.09 73.56 42.62 72.14 44.04 70.69
des_16 79.69 79.90 81.91 50.83 39.51 78.33 79.64 81.56 50.59 79.69 52.25 79.48
aes128_16 80.94 80.83 82.03 51.31 39.56 78.42 80.89 81.14 49.06 80.10 52.62 80.31
aes192_16 80.05 80.47 81.35 50.00 40.99 76.76 79.17 80.15 48.93 79.17 51.31 78.85
aes256_16 79.12 80.16 80.67 49.41 38.98 77.55 78.91 80.52 48.57 79.42 50.47 78.44
recdes_32 83.89 82.37 85.38 57.11 46.75 82.47 83.63 84.22 58.03 83.33 58.99 82.28
recaes128_32 83.67 84.58 84.34 57.51 48.54 81.54 84.28 83.76 57.14 82.49 58.23 82.65
recaes256_32 77.97 80.00 79.44 53.40 45.28 77.78 76.77 79.13 54.33 78.81 54.52 78.26
recaesgcm128_32 67.80 69.15 68.49 36.21 32.67 65.37 67.02 68.15 37.56 65.22 37.05 67.19
recaesgcm256_32 69.61 70.83 71.83 37.56 33.99 68.41 69.95 69.95 38.07 68.39 39.47 68.99
des_32 77.78 78.59 78.72 47.29 36.83 75.32 77.86 78.01 46.67 76.94 48.68 76.94
aes128_32 79.00 79.27 80.37 47.97 38.33 75.72 78.48 79.53 46.76 77.02 49.04 78.31
aes192_32 77.78 78.50 78.72 47.64 37.84 74.74 76.86 78.76 46.67 77.23 48.69 76.15
aes256_32 77.32 78.18 78.66 47.16 36.86 74.74 76.74 78.29 46.86 76.62 47.97 77.08
recdes_64 79.28 79.39 79.75 53.63 44.69 76.47 78.68 79.70 53.33 78.32 54.16 78.01
recaes128_64 84.32 84.32 84.40 57.78 46.57 82.01 83.63 83.76 57.38 83.25 58.13 84.16
recaes256_64 83.21 83.89 84.44 57.04 46.36 81.59 82.91 84.18 57.18 82.82 57.41 82.65
recaesgcm128_64 69.63 70.42 70.80 36.84 33.25 67.28 69.37 70.13 37.90 69.11 38.59 68.67
recaesgcm256_64 67.79 67.46 70.53 34.29 31.53 67.11 67.45 68.73 35.28 66.93 37.23 67.62
des_64 76.94 77.81 78.91 45.97 35.38 75.07 77.17 77.66 46.15 76.18 47.83 76.44
aes128_64 75.72 76.64 77.55 42.42 36.07 73.37 75.59 75.91 42.41 75.07 45.63 75.26
aes192_64 75.46 74.61 76.36 41.27 35.24 73.16 73.78 76.44 42.55 74.21 44.60 74.15
aes256_64 74.55 76.04 76.35 43.71 35.64 72.92 74.48 76.03 43.06 74.35 45.11 73.59
recdes_128 82.53 83.67 84.62 56.67 46.10 82.17 83.12 84.14 56.29 82.86 57.28 82.56
recaes128_128 82.53 82.99 83.59 56.81 48.19 81.23 82.61 83.93 53.90 81.98 56.77 82.31
recaes256_128 83.16 82.95 84.91 56.71 47.69 82.12 83.51 84.10 55.16 83.08 57.83 82.73
recaesgcm128_128 66.05 65.62 67.62 31.64 28.78 65.09 66.32 66.41 33.09 65.01 34.07 65.78
recaesgcm256_128 67.36 67.79 68.77 33.25 30.94 65.26 66.67 67.79 34.80 66.32 35.37 66.67
des_128 75.46 74.94 76.23 44.29 34.98 71.65 75.46 76.24 43.75 74.61 44.60 73.70
aes128_128 73.89 74.41 76.52 40.43 34.83 71.58 73.82 74.48 40.88 72.85 41.55 72.51
aes192_128 74.08 74.48 75.58 41.43 33.17 72.30 73.70 75.39 42.17 73.11 42.37 72.73
aes256_128 73.90 74.93 75.26 42.86 35.06 70.65 73.44 75.26 40.87 72.61 43.06 72.28
recdes_256 82.19 83.68 84.32 55.79 45.43 81.87 83.20 83.12 53.81 82.43 55.92 81.79
recaes128_256 83.25 82.82 83.42 55.61 46.08 81.98 82.95 83.76 56.32 82.22 54.68 81.38
recaes256_256 82.78 83.08 83.85 55.01 44.50 80.00 82.47 82.86 55.26 81.33 55.26 81.28
recaesgcm128_256 65.34 65.87 66.58 28.67 27.50 63.56 64.74 65.62 30.71 64.12 29.88 63.95
recaesgcm256_256 68.35 67.20 68.42 32.45 29.35 65.96 66.49 67.90 33.74 65.71 34.89 65.18
des_256 72.85 73.37 74.67 40.33 31.84 69.61 72.02 73.06 41.20 71.61 40.29 71.35
aes128_256 74.47 73.64 75.39 41.09 32.92 70.94 73.37 74.29 41.69 74.01 42.86 73.16
aes192_256 72.61 72.61 73.59 39.48 31.19 70.42 71.91 74.41 41.59 72.06 42.09 71.24
aes256_256 73.49 73.95 75.46 40.00 32.67 71.28 73.61 75.07 39.76 73.07 41.16 71.02
recdes_512 82.34 82.95 84.02 54.10 43.60 80.63 81.70 83.03 54.18 81.91 53.46 81.19
recaes128_512 81.96 82.31 82.65 53.85 41.95 78.17 81.75 82.35 52.84 80.10 53.30 79.90
recaes256_512 81.40 81.07 82.61 52.47 42.65 78.46 81.44 82.05 52.84 80.88 53.46 80.41
recaesgcm128_512 61.66 62.34 64.29 28.85 27.00 60.89 62.40 62.92 30.81 61.52 30.17 60.42
recaesgcm256_512 65.16 65.62 65.71 29.20 27.46 64.44 63.95 66.67 30.10 63.95 30.69 63.49
des_512 70.91 71.47 72.42 37.32 31.85 67.62 70.47 71.95 37.20 70.87 38.01 70.23
aes128_512 71.99 72.89 74.02 37.65 32.34 68.87 72.15 73.09 36.80 71.24 38.65 70.16
aes192_512 72.68 72.70 72.92 37.14 31.67 69.05 71.32 73.28 37.29 70.68 40.00 70.60
aes256_512 73.02 73.54 74.60 38.80 33.08 69.15 72.49 74.01 36.98 72.00 39.37 71.73
recdes_1024 78.59 79.84 81.28 46.14 40.35 75.91 77.84 81.20 46.96 78.04 48.29 77.92
recaes128_1024 78.96 79.59 80.88 46.96 40.25 75.00 77.84 79.03 46.45 77.32 46.72 77.00
recaes256_1024 79.27 79.69 82.60 47.83 38.15 76.29 78.15 80.00 46.94 77.63 47.20 77.63
recaesgcm128_1024 64.36 65.69 67.73 27.21 26.21 61.33 64.29 65.61 28.89 63.73 28.25 62.43
recaesgcm256_1024 63.73 62.80 65.34 24.81 24.81 60.70 62.60 64.00 25.56 61.38 25.31 61.54
des_1024 68.50 70.53 71.39 33.01 28.57 67.19 68.23 69.45 33.67 68.24 34.07 68.44
aes128_1024 67.90 68.06 70.00 31.02 29.41 63.45 66.93 69.41 29.95 66.06 31.75 66.14
aes192_1024 68.50 69.55 71.62 31.71 29.37 64.92 67.89 68.93 31.17 68.17 33.50 67.38
aes256_1024 68.95 69.74 71.28 32.60 27.96 66.67 69.76 71.28 32.92 67.81 33.08 68.09
recdes_2048 87.95 93.45 96.47 48.28 34.20 77.81 85.01 89.29 43.49 84.09 39.53 82.29
recaes128_2048 87.53 93.92 97.24 47.26 34.35 73.78 84.64 89.80 44.96 83.80 40.57 83.46
recaes256_2048 89.12 94.19 97.73 46.17 33.85 77.02 83.94 89.06 45.08 83.97 37.50 80.98
recaesgcm128_2048 85.05 90.31 96.95 32.11 25.13 69.71 79.53 86.82 35.86 79.07 29.77 77.81
recaesgcm256_2048 86.05 90.84 95.97 31.77 25.65 69.53 77.89 86.12 35.88 79.02 29.95 79.21
des_2048 85.27 92.58 96.21 37.20 27.68 73.21 79.27 85.90 37.53 79.69 31.43 77.52
aes128_2048 83.97 90.10 95.69 36.39 28.53 70.76 79.90 85.68 35.98 81.41 32.64 77.32
aes192_2048 85.23 90.13 95.98 35.01 26.30 71.80 80.41 86.15 38.26 80.52 30.83 79.63
aes256_2048 86.12 90.63 96.70 33.94 28.57 71.39 80.05 86.86 35.77 81.77 32.81 78.35
recdes_3072 94.95 97.75 99.75 53.23 34.56 76.30 86.48 95.20 45.00 89.11 43.83 86.65
recaes128_3072 93.70 98.75 99.25 54.09 33.42 78.29 86.73 95.71 43.86 88.72 44.83 88.72
recaes256_3072 94.67 98.99 99.00 55.59 33.77 79.22 87.28 95.47 43.26 89.51 43.19 87.72
recaesgcm128_3072 93.40 97.50 99.25 50.67 30.85 77.66 87.53 95.49 40.27 85.97 41.32 85.35
recaesgcm256_3072 94.42 98.74 99.50 50.93 30.87 76.09 87.44 94.76 41.69 87.98 39.04 86.01
des_3072 95.43 98.75 99.75 50.26 29.77 75.65 88.95 94.72 44.97 88.69 40.05 88.78
aes128_3072 93.70 98.74 99.50 52.25 31.13 75.77 88.35 94.72 42.22 89.23 41.76 88.14
aes192_3072 93.11 97.99 99.50 53.17 30.24 77.66 89.97 96.72 41.47 87.56 42.02 87.47
aes256_3072 94.19 98.75 99.75 51.58 30.87 75.19 86.73 95.48 42.08 89.92 41.84 86.22
recdes_4096 97.49 99.25 100.00 65.45 37.08 80.56 92.15 97.24 48.30 92.41 50.52 92.91
recaes128_4096 97.48 99.75 99.75 60.52 37.92 81.54 92.39 98.49 48.95 92.66 53.54 92.42
recaes256_4096 97.48 99.50 100.00 61.78 36.72 82.55 90.15 98.00 48.32 92.68 55.53 93.16
recaesgcm128_4096 96.47 99.25 100.00 61.98 36.05 80.88 90.86 98.25 45.48 93.15 52.07 91.46
recaesgcm256_4096 96.74 99.25 99.50 63.49 32.90 78.81 92.39 98.25 49.21 91.09 52.71 91.92
des_4096 97.24 99.00 100.00 60.88 35.25 79.54 92.13 98.49 48.69 90.38 52.22 91.16
aes128_4096 96.00 99.00 99.50 60.58 34.03 79.74 91.12 97.99 49.35 92.15 52.24 91.65
aes192_4096 96.99 99.25 99.75 58.40 34.55 78.46 91.09 97.99 48.95 91.12 54.47 92.91
aes256_4096 96.73 98.75 100.00 62.83 34.29 82.26 91.96 98.48 47.11 90.36 50.65 91.90
recdes_8192 99.75 99.50 100.00 83.89 51.25 88.35 98.75 100.00 73.42 99.25 77.61 98.24
recaes128_8192 99.75 99.50 99.50 85.68 48.91 88.55 98.51 100.00 72.96 98.99 79.54 97.50
recaes256_8192 99.25 98.75 99.25 84.91 45.41 87.50 97.74 99.25 74.10 98.00 80.87 97.99
recaesgcm128_8192 100.00 99.25 100.00 87.11 45.92 84.34 98.25 100.00 75.19 98.25 82.56 99.00
recaesgcm256_8192 100.00 99.75 100.00 84.87 47.97 87.18 98.25 100.00 72.98 99.00 82.05 98.25
des_8192 100.00 99.00 100.00 84.36 46.58 86.29 97.48 100.00 75.26 99.00 83.59 98.50
aes128_8192 99.75 99.25 100.00 82.99 48.10 87.34 97.99 100.00 75.38 99.50 81.28 98.99
aes192_8192 100.00 99.25 100.00 82.86 47.14 87.85 98.25 99.75 76.07 99.00 78.26 98.75
aes256_8192 100.00 99.50 100.00 83.54 49.59 87.66 98.50 100.00 71.83 99.00 80.87 97.00
recdes_16384 92.52 92.50 92.02 90.68 37.47 90.70 92.73 92.23 81.41 92.75 88.75 92.98
recaes128_16384 100.00 99.00 100.00 97.99 39.44 97.74 100.00 99.75 87.47 100.00 97.49 99.75
recaes256_16384 100.00 98.50 100.00 97.74 39.18 97.49 100.00 100.00 87.94 100.00 97.49 99.75
recaesgcm128_16384 99.75 99.00 100.00 96.50 39.67 97.23 100.00 100.00 88.94 100.00 96.99 99.75
recaesgcm256_16384 100.00 99.75 99.75 96.98 39.23 98.24 100.00 99.75 88.94 100.00 97.48 100.00
des_16384 100.00 99.50 99.75 97.24 38.12 97.48 100.00 100.00 89.47 100.00 97.99 100.00
aes128_16384 100.00 99.75 100.00 97.99 37.88 97.24 100.00 100.00 88.94 100.00 97.98 100.00
aes192_16384 100.00 99.50 100.00 97.74 37.85 98.99 100.00 100.00 88.41 100.00 97.49 100.00
aes256_16384 99.75 99.25 100.00 98.49 37.85 97.74 100.00 100.00 89.00 100.00 96.75 100.00
fipsrandom 100.00 99.75 99.75 100.00 99.50 100.00 100.00 99.50 99.75 99.75 99.75 100.00
eccp256 100.00 99.50 100.00 100.00 95.44 100.00 99.75 100.00 99.75 100.00 100.00 100.00
eccp384 100.00 99.50 100.00 100.00 97.73 99.25 99.75 100.00 99.50 100.00 99.25 99.75
