rsaAy2048 100.00 99.25 100.00 99.25 96.72 99.00 100.00 99.75 97.99 99.75 99.25 99.75
rsaAn2048 100.00 98.75 100.00 99.75 94.96 99.75 99.75 100.00 99.25 100.00 99.75 100.00
rsaBy2048 100.00 99.75 100.00 97.99 87.69 98.50 99.75 99.75 96.73 100.00 97.50 100.00
rsaBn2048 100.00 99.75 99.50 97.25 87.79 98.74 99.75 100.00 96.49 100.00 97.00 100.00
rsaAy3072 99.50 99.50 99.75 99.75 98.75 100.00 100.00 100.00 99.75 100.00 99.50 100.00
rsaAn3072 99.75 99.50 99.75 99.50 98.49 99.75 100.00 99.25 99.75 100.00 99.25 100.00
rsaBy3072 99.75 99.25 100.00 99.50 96.48 99.50 99.75 99.75 97.99 99.75 97.99 100.00
rsaBn3072 99.75 99.25 100.00 99.50 95.98 99.00 99.75 100.00 98.99 100.00 99.25 100.00
des_16 69.68 69.58 71.16 32.77 28.89 66.49 68.42 70.18 32.60 67.45 34.41 68.35
aes128_16 69.31 69.47 70.98 33.33 27.39 68.92 69.17 70.29 33.00 68.62 34.24 68.53
aes256_16 69.13 69.01 70.94 34.62 28.54 65.97 69.11 70.08 34.64 69.05 36.45 67.10
des_32 69.37 70.90 71.96 35.18 27.50 66.75 68.83 71.88 36.50 69.50 35.70 68.59
aes128_32 68.78 69.76 69.90 32.35 27.96 66.84 67.98 70.37 30.96 68.98 35.16 68.53
aes256_32 70.24 69.92 72.00 34.15 28.07 68.01 67.89 69.71 33.00 68.88 34.23 68.62
des_64 69.66 69.45 70.94 34.69 26.49 67.81 69.37 70.79 35.12 67.97 36.79 68.50
aes128_64 68.60 69.95 71.39 32.93 27.82 67.39 69.44 69.29 32.35 69.27 34.00 68.27
aes256_64 69.41 69.15 69.90 32.85 26.88 66.23 68.70 68.83 32.19 67.45 34.88 67.45
des_128 68.23 69.19 70.76 35.11 26.47 66.23 68.59 70.16 35.28 67.80 36.03 67.36
aes128_128 68.16 68.68 69.74 32.36 27.09 65.70 68.17 70.21 33.25 68.45 34.75 67.55
aes256_128 68.35 69.07 70.13 31.28 27.71 65.60 67.82 68.97 29.41 66.93 33.09 65.97
des_256 67.63 68.60 70.78 31.22 28.46 64.49 67.46 69.23 30.88 68.00 33.74 67.55
aes128_256 66.84 68.09 69.15 29.85 26.32 66.04 66.31 68.17 28.99 66.31 32.01 66.04
aes256_256 68.25 68.68 70.37 32.13 26.63 65.79 68.88 68.49 31.86 68.17 34.83 66.84
des_512 66.84 67.02 69.31 31.13 26.38 65.25 67.64 69.52 31.05 65.62 32.44 66.05
aes128_512 67.37 67.98 68.75 32.20 28.14 65.25 67.20 68.50 31.62 66.32 32.84 66.49
aes256_512 67.36 68.50 70.56 32.53 26.77 65.34 68.07 68.59 32.35 66.84 33.33 66.93
des_1024 64.46 65.43 66.58 25.86 24.43 62.40 64.55 64.83 27.32 62.80 26.55 63.73
aes128_1024 65.15 64.75 66.67 26.41 24.68 62.23 64.38 65.87 26.87 63.52 28.64 63.06
aes256_1024 65.32 65.70 67.55 26.78 24.05 62.70 65.78 66.76 27.68 65.05 28.14 62.70
des_2048 84.58 91.58 94.96 35.64 26.82 71.05 78.87 86.05 34.90 82.29 28.53 76.96
aes128_2048 83.94 90.82 95.69 36.17 24.87 72.44 79.79 87.47 36.51 78.44 32.28 77.52
aes256_2048 84.68 91.33 95.96 35.43 26.05 70.63 79.18 84.06 38.36 78.61 28.12 77.60
des_3072 94.18 98.49 99.75 50.79 31.56 76.94 86.22 95.20 42.41 89.31 39.37 87.21
aes128_3072 94.39 98.99 98.75 55.82 30.95 77.46 88.40 95.71 38.85 86.62 39.58 86.45
aes256_3072 93.94 97.99 99.50 51.59 30.00 76.88 87.86 95.72 42.51 86.92 42.02 88.27
des_4096 96.50 99.50 99.50 60.57 36.87 77.14 89.62 98.24 45.97 92.41 54.95 92.17
aes128_4096 95.72 99.00 99.75 61.11 35.70 78.46 90.38 98.24 48.29 91.69 51.32 91.71
aes256_4096 96.98 99.25 99.75 62.43 36.32 79.43 90.48 97.49 49.09 91.18 46.19 90.70
des_8192 99.25 99.25 99.50 82.65 46.47 87.21 95.77 99.75 73.42 97.74 81.63 97.00
aes128_8192 100.00 99.50 100.00 83.46 48.91 87.79 97.50 99.75 74.68 99.25 77.44 97.99
aes256_8192 100.00 99.25 99.75 83.55 46.76 87.31 98.49 100.00 74.62 99.25 78.77 98.00
des_16384 100.00 99.00 100.00 97.25 37.50 97.99 100.00 100.00 87.69 100.00 97.25 100.00
aes128_16384 100.00 99.25 100.00 97.49 38.95 97.74 100.00 100.00 86.93 100.00 97.73 100.00
aes256_16384 100.00 99.25 100.00 98.49 38.23 98.49 100.00 100.00 86.22 100.00 97.01 100.00
