10305
10325
35268
35341
33972
3181
3187
11534
11726
11422
44
45
45
54
54
53
53
53
52
91
90
88
95
100
100
100
101
97
172
181
181
193
186
192
185
181
187
362
363
362
345
356
365
346
352
348
709
702
702
650
675
688
678
682
666
1380
1360
1368
1240
1283
1281
1299
1259
1271
2554
2499
2538
2460
2264
2421
2269
2343
2345
4952
4933
4867
5035
4994
5213
5252
4969
4969
7308
7320
7200
7651
7575
7486
7521
7531
7559
8492
8474
8469
8767
8765
8927
8944
8891
8935
9155
9193
9176
9237
9188
9308
9281
9290
9319
8971
9317
9315
9340
9340
9419
9415
9424
9419
542
7924
5070
